Value_ID,Example_ID
10,141
11,141
12,141
13,141
14,141
15,141
27,142
27,143
27,157
28,142
28,143
28,157
29,142
29,143
29,157
30,142
30,143
30,157
31,142
31,143
31,157
32,142
32,143
32,157
44,138
45,138
46,138
47,138
48,138
49,138
61,147
62,147
63,147
64,147
65,147
66,147
78,9
79,9
80,9
81,9
82,9
83,9
94,10
94,11
94,12
95,10
95,11
95,12
96,10
96,11
96,12
97,10
97,11
97,12
98,10
98,11
98,12
99,10
99,11
99,12
100,11
108,13
108,14
109,13
109,14
110,13
110,14
111,13
111,14
112,13
112,14
113,13
113,14
157,15
157,16
158,15
158,16
159,15
159,16
161,15
161,16
173,17
173,18
174,17
174,18
175,17
175,18
177,17
177,18
178,17
178,18
190,19
190,20
190,21
190,22
191,19
191,20
191,21
191,22
192,19
192,20
192,21
192,22
194,19
194,20
194,21
194,22
195,19
195,20
195,21
195,22
207,23
208,23
209,23
210,23
211,23
212,23
250,80
250,81
250,82
252,80
252,81
252,82
253,80
253,81
253,82
254,80
254,81
254,82
255,80
255,81
255,82
256,80
256,81
266,83
267,83
268,83
271,83
283,84
284,84
285,84
286,84
287,84
288,84
300,85
300,86
301,85
301,86
302,85
302,86
303,85
303,86
304,85
304,86
305,85
305,86
316,87
317,87
318,87
319,87
320,87
321,87
329,88
329,89
329,90
331,88
331,89
331,90
332,88
332,89
332,90
333,88
333,89
333,90
334,88
334,89
334,90
346,91
347,91
348,91
349,91
350,91
351,91
363,92
364,92
365,92
380,93
381,93
382,93
383,93
384,93
385,93
393,94
393,95
393,96
394,94
394,95
394,96
395,94
395,95
395,96
396,94
396,95
396,96
397,94
397,95
397,96
427,97
428,97
429,97
440,98
441,98
442,98
443,98
444,98
445,98
457,99
457,100
458,99
458,100
459,99
459,100
460,99
460,100
461,99
461,100
462,99
462,100
474,101
474,102
474,103
476,101
476,102
476,103
477,101
477,102
477,103
478,101
478,102
478,103
479,101
479,102
479,103
491,104
493,104
494,104
495,104
496,104
508,149
508,150
508,151
508,152
508,153
508,154
508,155
510,149
510,150
510,151
510,152
510,153
510,154
510,155
511,149
511,150
511,151
511,152
511,153
511,154
511,155
512,149
512,150
512,151
512,152
512,153
512,154
512,155
513,149
513,150
513,151
513,152
513,153
513,154
513,155
524,105
524,106
524,107
525,105
525,106
525,107
526,105
526,106
526,107
527,105
527,106
527,107
528,105
528,106
528,107
529,105
529,106
529,107
541,108
542,108
543,108
544,108
545,108
546,108
558,109
558,110
559,109
559,110
560,109
560,110
561,109
561,110
562,109
562,110
563,109
563,110
575,111
575,112
576,111
576,112
577,111
577,112
578,111
578,112
579,111
579,112
580,111
580,112
592,113
593,113
594,113
595,113
596,113
597,113
605,114
606,114
607,114
609,114
610,114
622,115
623,115
624,115
626,115
627,115
635,116
636,116
637,116
638,116
639,116
640,116
648,117
649,117
650,117
651,117
652,117
653,117
661,118
662,118
663,118
664,118
665,118
666,118
704,0
704,1
704,2
705,0
705,1
705,2
706,0
706,1
706,2
707,0
707,1
707,2
708,0
708,1
708,2
709,0
709,1
709,2
710,1
710,2
721,3
722,3
723,3
725,3
734,4
735,4
736,4
747,5
748,5
749,5
752,5
764,6
765,6
766,6
767,6
768,6
769,6
781,7
782,7
783,7
784,7
785,7
786,7
794,8
795,8
796,8
797,8
798,8
799,8
807,126
809,126
823,127
823,128
823,129
824,127
824,128
824,129
825,127
825,128
825,129
828,127
828,128
828,129
857,24
858,24
859,24
860,24
861,24
862,24
874,25
875,25
876,25
879,25
887,26
888,26
889,26
890,26
891,26
892,26
893,26
934,27
934,28
935,27
935,28
936,27
936,28
937,27
937,28
938,27
938,28
939,27
939,28
940,28
947,29
949,29
950,29
951,29
952,29
964,30
965,30
966,30
967,30
968,30
969,30
970,30
981,31
981,32
982,31
982,32
983,31
983,32
984,31
984,32
985,31
985,32
986,31
986,32
997,33
997,34
998,33
998,34
999,33
999,34
1001,33
1001,34
1002,33
1002,34
1014,35
1015,35
1016,35
1017,35
1018,35
1027,36
1027,37
1028,36
1028,37
1029,36
1029,37
1033,36
1044,38
1045,38
1046,38
1047,38
1048,38
1061,39
1061,40
1062,39
1062,40
1063,39
1063,40
1064,39
1064,40
1065,39
1065,40
1066,39
1066,40
1107,139
1107,140
1109,139
1109,140
1124,130
1125,130
1126,130
1127,130
1128,130
1129,130
1140,156
1141,156
1142,156
1157,123
1158,123
1159,123
1160,123
1161,123
1162,123
1170,124
1171,124
1172,124
1173,124
1174,124
1175,124
1183,125
1184,125
1185,125
1186,125
1187,125
1188,125
1200,41
1201,41
1202,41
1203,41
1204,41
1216,42
1217,42
1218,42
1219,42
1220,42
1233,43
1234,43
1235,43
1236,43
1237,43
1238,43
1250,144
1250,145
1251,144
1251,145
1252,144
1252,145
1253,144
1253,145
1254,144
1254,145
1255,144
1255,145
1267,44
1268,44
1269,44
1270,44
1271,44
1272,44
1284,45
1285,45
1286,45
1287,45
1288,45
1289,45
1301,46
1302,46
1303,46
1304,46
1305,46
1306,46
1318,47
1319,47
1320,47
1321,47
1322,47
1323,47
1335,48
1336,48
1337,48
1338,48
1339,48
1340,48
1365,49
1366,49
1367,49
1368,49
1369,49
1370,49
1382,148
1383,148
1384,148
1385,148
1386,148
1387,148
1399,50
1400,50
1401,50
1402,50
1403,50
1404,50
1412,52
1413,52
1414,52
1415,52
1416,52
1417,52
1429,51
1430,51
1431,51
1432,51
1433,51
1434,51
1446,53
1447,53
1448,53
1449,53
1450,53
1463,54
1464,54
1465,54
1466,54
1467,54
1480,55
1481,55
1482,55
1483,55
1484,55
1497,56
1498,56
1499,56
1500,56
1501,56
1502,56
1510,57
1511,57
1512,57
1527,58
1528,58
1529,58
1530,58
1531,58
1532,58
1544,59
1545,59
1546,59
1549,59
1557,60
1558,60
1559,60
1560,60
1561,60
1562,60
1574,61
1575,61
1576,61
1591,62
1592,62
1593,62
1594,62
1595,62
1596,62
1608,63
1609,63
1610,63
1611,63
1612,63
1613,63
1621,64
1622,64
1623,64
1624,64
1625,64
1626,64
1634,65
1635,65
1636,65
1637,65
1638,65
1639,65
1651,66
1652,66
1653,66
1654,66
1655,66
1656,66
1668,67
1669,67
1670,67
1671,67
1672,67
1673,67
1698,68
1699,68
1700,68
1749,69
1750,69
1751,69
1752,69
1753,69
1754,69
1766,133
1766,134
1768,133
1768,134
1769,133
1769,134
1770,133
1770,134
1771,133
1771,134
1783,70
1785,70
1786,70
1787,70
1788,70
1800,71
1802,71
1803,71
1804,71
1805,71
1806,71
1831,72
1832,72
1833,72
1836,72
1873,73
1874,73
1875,73
1878,73
1890,74
1891,74
1892,74
1893,74
1894,74
1895,74
1903,75
1904,75
1905,75
1920,76
1921,76
1922,76
1925,76
1936,77
1937,77
1938,77
1939,77
1940,77
1941,77
1953,78
1954,78
1955,78
1956,78
1957,78
1958,78
1970,79
1971,79
1972,79
1973,79
1974,79
1987,131
1988,131
1989,131
1991,131
1992,131
2004,132
2005,132
2006,132
2007,132
2008,132
2009,132
2030,119
2031,119
2032,119
2033,119
2034,119
2035,119
2047,120
2048,120
2049,120
2050,120
2051,120
2052,120
2060,146
2061,146
2062,146
2077,121
2078,121
2079,121
2080,121
2081,121
2082,121
2094,122
2095,122
2096,122
2097,122
2098,122
2099,122
2107,135
2107,136
2107,137
2109,135
2109,136
2109,137
2110,135
2110,136
2110,137
2111,135
2111,136
2111,137
2112,135
2112,136
2112,137
